1.093994024 0.190081078
0.814768277 0.174076767
0.996066461 0.155275699
0.804844487 0.220578276
0.820221986 0.253063304
0.69328398 0.167951533
0.886469975 0.252416341
1.090874041 0.315280922
1.018077359 0.200267589
0.803058851 0.165573662
1.078103093 0.27661671
1.171066625 0.283167643
0.837514604 0.197264885
0.787866896 0.227248612
0.986998961 0.225950154
1.02443371 0.165175767
0.992070397 0.256035867
0.862377761 0.140612377
0.740881429 0.174137885
1.092443323 0.307932055
1.01656117 0.291138916
0.883675431 0.165462343
1.168393842 0.455627417
0.949963881 0.240033231
0.87317909 0.191889872
1.017906025 0.286024282
0.942968266 0.167153613
0.823733115 0.098199488
0.768932002 0.098948675
1.061080762 0.324291623
1.015892501 0.205637787
0.835343926 0.196981775
0.950423473 0.137703131
1.034139349 0.276522384
0.628864757 0.056310514
1.058852801 0.300951133
1.03660417 0.326282481
0.830539156 0.299944222
0.913888869 0.262513998
0.997159668 0.359552774
1.232281117 0.290989786
0.955722178 0.26451794
0.764575804 0.212166068
0.888954239 0.179031245
0.947732525 0.20914489
0.813634532 0.034227926
0.908473482 0.231857934
0.819746819 0.152458661
0.946617293 0.118498509
0.855410937 0.296678721
0.8590235 0.235852757
0.703895307 0.202877628
0.525207437 0.143317112
1.060631945 0.217523574
1.102842077 0.295305058
0.859626548 0.123662136
0.922958776 0.393934569
0.918039695 0.221633574
0.895225651 0.300309493
1.034294726 0.22842952
0.959402301 0.108479234
0.94140523 0.169086137
0.993283151 0.320748203
1.006710763 0.235938899
0.975529537 0.17954907
1.00876794 0.254072998
0.988604345 0.294864045
0.866891313 0.213509543
1.135281228 0.235690698
1.083697611 0.343284714
0.757981409 0.187685816
1.120151717 0.303729983
0.756838611 0.226509872
0.962544062 0.252190188
1.005112268 0.311297566
0.96271191 0.180263842
0.724076969 0.232175853
0.620791258 0.059511276
0.918114675 0.249892724
0.817517352 0.134576314
1.063662203 0.313051423
1.109674003 0.283337607
1.084791175 0.24305929
1.140332176 0.246814374
0.727566864 0.221560731
1.123798312 0.441233808
1.003125805 0.285456285
0.839018413 0.177957387
1.103245769 0.420946517
0.962888725 0.270239518
1.01216208 0.267620552
0.686144065 0.0776694
0.888734996 0.245067171
0.975027766 0.159076957
0.83129811 0.297404171
1.036825825 0.159942764
0.92186687 0.222391804
0.882200962 0.235630142
0.91220246 0.132237986
0.824716827 0.161584401
1.001443707 0.2403412
0.999431411 0.118094591
0.932415179 0.221262674
0.957280191 0.169184015
0.979279257 0.198521535
0.992942416 0.272360171
1.183580008 0.250983701
0.768183272 0.214920716
0.929969805 0.248928282
0.574347771 0.160691
1.138597069 0.405058791
0.925108943 0.244642352
0.806656505 0.163027552
0.792983009 0.1839351
0.851621048 0.290528088
0.882591136 0.256208733
0.838776401 0.296402666
0.897683799 0.155759415
1.020214778 0.255814955
0.982255508 0.285510733
0.769489549 0.156266178
0.768549293 0.230578612
0.674400966 0.163535051
1.013337016 0.302254726
0.959479022 0.171823388
0.825665963 0.225107994
0.888418931 0.266391586
0.776007864 0.24175036
1.029806454 0.305599598
0.940607015 0.179124889
1.068130084 0.288284679
0.714851196 0.801038704
0.746880238 0.77386804
0.764592511 0.771788045
0.812364254 0.718782178
0.809096048 0.757010656
0.820250502 0.610935042
0.754998186 0.769888575
0.744356076 0.783160528
0.731019506 0.928165702
0.766335291 0.782176769
0.757816424 0.818423134
0.808749064 0.731673253
0.702664269 0.728125267
0.762350807 0.704417067
0.765617476 0.707114715
0.761910871 0.771091225
0.748699116 0.778247974
0.809260688 0.676071127
0.770712816 0.813712671
0.696898508 0.831603605
0.724147487 0.74803749
0.769583258 0.916632984
0.756546692 0.684671962
0.756580278 0.792847269
0.790069466 0.763733825
0.731472204 0.830552785
0.747209921 0.788140938
0.755924446 0.873814642
0.69867167 0.71100952
0.77764765 0.789967613
0.742665047 0.79273672
0.739680549 0.831557758
0.771245895 0.748461485
0.684776993 0.728235067
0.803670417 0.692984311
0.761538458 0.807681512
0.741426975 0.848269893
0.831569265 0.760109982
0.731766704 0.813927855
0.769008567 0.683525519
0.764198828 0.847252733
0.789764922 0.713170246
0.806093322 0.724194401
0.755187122 0.763442944
0.737612884 0.843587266
0.744192159 0.813846508
0.746961196 0.760419176
0.766272624 0.695456907
0.784242712 0.709587984
0.792149518 0.681168734
0.775573702 0.783658551
0.765422972 0.750399247
0.778566484 0.826014668
0.773418511 0.771041754
0.765368178 0.813408799
0.775729145 0.658944972
0.748444056 0.782448939
0.752421236 0.883853717
0.72723274 0.736839287
0.76413537 0.851291228
0.787287004 0.652412493
0.780996887 0.693056895
0.737014236 0.870363121
0.792238097 0.681533353
0.761340665 0.764751803
0.774930842 0.820233086
0.805605985 0.604363855
0.746547164 0.789953904
0.832112166 0.659245417
0.763373844 0.772443713
0.728145555 0.75782442
0.75128761 0.93422934
0.721506578 0.775460574
0.763430068 0.739910777
0.779311317 0.826910604
0.687625562 0.835090111
0.844700906 0.699829701
0.747777415 0.828718224
0.719088006 0.75769985
0.842848852 0.65505885
0.711585981 0.867888047
0.808961975 0.754344591
0.73332648 0.714118884
0.774199182 0.865684265
0.774923187 0.69594386
0.72141205 0.782978933
0.730862886 0.853822798
0.754922068 0.673838417
0.816308757 0.728575408
0.796628877 0.703229022
0.750862353 0.7471572
0.676590263 0.868017703
0.731145498 0.746951216
0.673555471 0.88371063
0.842148648 0.699856154
0.783589894 0.704883551
0.743907044 0.885685301
0.723862847 0.815147317
0.778779497 0.896393447
0.812038013 0.729589564
0.699179843 0.802756648
0.77277439 0.585606773
0.763594876 0.769784728
0.684299247 0.871463658
0.787272073 0.763917494
0.728823178 0.788594235
0.757771848 0.692316064
0.754936594 0.759746365
0.711140352 0.913223282
0.792885004 0.753954795
0.786585206 0.752224302
0.765004041 0.665886351
0.790889618 0.707037908
0.723617495 0.93689369
0.813673876 0.741477957
0.752467864 0.815014029
0.764804274 0.78179491
0.792438654 0.780352922
0.807472927 0.806954426
0.78186568 0.66021757
0.741411077 0.799037172
0.762791061 0.70158243
0.734605029 0.765151277
0.716123344 0.828722405
0.793018679 0.67546763
0.708862608 0.892226165
0.784431702 0.76425144
0.72660428 0.855159445
0.767487155 0.806801556
0.794190055 0.7763519
0.703442405 0.952239895
0.753974361 0.789273762
0.81786092 0.770292973
0.695477012 0.808026483
0.827895563 0.679349191
0.694041495 0.843322126
0.76723901 0.852179865
0.717503689 0.73697909
0.760292518 0.738532661
0.712145358 0.714203733
0.778157071 0.669140277
0.773628429 0.634549236
0.774399332 0.782225023
0.782375948 0.747692288
0.733390466 0.811122383
0.735148202 0.743260331
0.758732541 0.846954763
0.811656824 0.703180983
0.737854513 0.801296909
0.756048373 0.869158071
0.700338787 0.873176133
0.366972755 0.688781162
0.324309055 0.736317136
0.393372936 0.676306877
0.356476037 0.734491221
0.347051892 0.620246275
0.455214758 0.725654765
0.531031886 0.764806105
0.439951255 0.866666584
0.610326045 0.72996378
0.382858347 0.832788963
0.321997919 0.789000946
0.323593309 0.682192849
0.3494719 0.749153137
0.511306785 0.861153064
0.316035757 0.67062207
0.478500892 0.727262169
0.503326793 0.689545312
0.38041085 0.842798125
0.446736968 0.839962433
0.257652843 0.75556218
0.31481815 0.693308115
0.349534285 0.587580189
0.481612664 0.67297577
0.395521334 0.770442522
0.476183511 0.739843892
0.575378313 0.64667742
0.420067159 0.746141728
0.420774826 0.871837748
0.410757261 0.720049769
0.396907238 0.948221104
0.464077492 0.676954003
0.506763889 0.666802193
0.440333938 0.685588688
0.460221871 0.83500031
0.436500669 0.776399947
0.414795574 0.796199803
0.488693208 0.706144598
0.333505858 0.737888119
0.394691985 0.799152041
0.426277698 0.617539119
0.411463079 0.598079193
0.432374789 0.706019248
0.438634137 0.618216745
0.481678027 0.749278336
0.442863891 0.633949105
0.387325104 0.732659861
0.499017354 0.795098089
0.290333021 0.773815677
0.380481129 0.691745639
0.312731373 0.799802099
0.38487778 0.806867822
0.421795125 0.721519027
0.373877801 0.875760194
0.351624582 0.678967725
0.374769503 0.749434966
0.419049925 0.870031261
0.3850908 0.637571195
0.49068927 0.739737061
0.408607706 0.779210981
0.456830302 0.691776888
0.50406343 0.779003638
0.413338489 0.81403839
0.437384013 0.739983594
0.476645508 0.686063808
0.378957845 0.696759486
0.410109937 0.845101978
0.352262941 0.730738119
0.440248245 0.683187135
0.447851772 0.656344827
0.357070871 0.741040482
0.411610488 0.686620251
0.394260442 0.707702165
0.37544998 0.731952908
0.376280228 0.728772836
0.449174726 0.730165291
0.579335662 0.834442273
0.443481395 0.709842069
0.38833108 0.70883265
0.367140753 0.78677638
0.456561588 0.850227536
0.398807629 0.847819933
0.442914529 0.833533557
0.32827121 0.675490308
0.470699108 0.693155461
0.473581167 0.702922808
0.422184538 0.833542299
0.410904995 0.81094896
0.370619014 0.736512592
0.475367888 0.795356427
0.361212072 0.764850632
0.45030455 0.778077523
0.464186378 0.759653693
0.494453435 0.858722772
0.351558904 0.665374626
0.419432888 0.855398954
0.484155705 0.703000266
0.436240441 0.791706135
0.460577006 0.689828013
0.47206967 0.831090666
0.464759324 0.787278942
0.375017766 0.620611229
0.405962018 0.774061802
0.476622688 0.746097093
0.383975646 0.825431945
0.503929444 0.802718599
0.433730224 0.777796013
0.450999589 0.771007183
0.435171943 0.725842977
0.373549201 0.696250722
0.355341122 0.672635659
0.448066915 0.77778997
0.426770141 0.873841782
0.50397652 0.841228624
0.376005002 0.684732685
0.384794452 0.578332975
0.579640166 0.712653336
0.398469936 0.754030467
0.455578455 0.687624767
0.374147084 0.702848856
0.391565852 0.790414154
0.487213353 0.719102432
0.349125309 0.861463598
0.410557175 0.65332783
0.400735853 0.736500253
0.507293848 0.607148822
0.468014548 0.690594587
0.43733074 0.811240324
0.376087372 0.727440169
0.384290252 0.660662746
0.444332461 0.680264387
0.484349858 0.757225684
0.421446993 0.765328764
0.386362424 0.662143329
0.42827407 0.747524049
0.352840033 0.75730535
0.362489887 0.687072545
0.345130202 0.888228945
0.47005625 0.760284751
0.454265311 0.761486362
0.443952863 0.803932049
0.357570142 0.745783944
0.360824767 0.658848108
0.481861974 0.721484162
0.431855409 0.756594104
0.373143296 0.84196237
0.471802124 0.801882631
0.347416903 0.764952709
0.443216497 0.839191231
0.445556894 0.661071108
0.374373445 0.820966392
0.498599367 0.761113477
0.398865876 0.530187307
0.471053408 0.851312785
0.574095845 0.687645657
0.374599826 0.685559655
0.344808222 0.837979258
0.403751693 0.663101233
0.353364899 0.757687937
0.521059787 0.811848848
0.397033519 0.938962216
0.373903233 0.88701729
0.387716831 0.54699701
0.452529534 0.792183564
0.408284459 0.650804926
0.395765504 0.754989699
0.426989926 0.667959661
0.404819813 0.638518166
0.398669888 0.919203839
0.426875685 0.582280151
0.332873213 0.666772356
0.422121501 0.814979264
0.536187533 0.6883227
0.388713925 0.712284909
0.375933439 0.751505967
0.436115333 0.671904458
0.36568447 0.869011586
0.390193293 0.834202636
0.399246553 0.736164564
0.386596426 0.622868683
0.389602615 0.761808094
0.350969178 0.740842776
0.480765397 0.874629417
0.407127639 0.71805127
0.442959187 0.745803
0.387104769 0.747273384
0.408757943 0.609954776
0.355727796 0.785565678
0.458713083 0.590275279
0.569448577 0.752432407
0.457606891 0.778114996
0.407516577 0.904929821
0.319978482 0.696646127
0.349306974 0.698893137
0.439903603 0.918606568
0.450751745 0.759054749
0.38121129 0.663840092
0.58860759 0.778111027
0.57265418 0.811930209
0.359946905 0.727635112
0.493189085 0.73118517
0.349476812 0.82777552
0.419672337 0.68197176
0.46607368 0.573151985
0.426193854 0.725998284
0.392379676 0.780305741
0.414394115 0.605867467
0.409240147 0.640290009
0.385619966 0.672228756
0.464064679 0.783440597
0.334574519 0.758034216
0.397468263 0.743078081
0.499530709 0.752060572
0.464533635 0.606875215
0.428187097 0.715687137
0.442458469 0.655346026
0.514942311 0.871450911
0.568343781 0.734502114
0.405575599 0.621275659
